"TotalDrivingEfficiency_RANKTHISWEEK_2008","TotalDrivingEfficiency_RANKLASTWEEK_2008","TotalDrivingEfficiency_PLAYERNAME_2008","TotalDrivingEfficiency_ROUNDS_2008","TotalDrivingEfficiency_COMBINEDRANK_2008","TotalDrivingEfficiency_CARRYEFFICIENCYRANK_2008","TotalDrivingEfficiency_TOTALDISTEFFICRANK_2008","stat_name","year"
1,NA,"Mark Wilson",107,11,4,7,"TotalDrivingEfficiency",2008
2,NA,"Vijay Singh",82,13,3,10,"TotalDrivingEfficiency",2008
3,NA,"Steve Stricker",75,23,11,12,"TotalDrivingEfficiency",2008
4,NA,"Justin Bolli",87,26,8,18,"TotalDrivingEfficiency",2008
4,NA,"Joe Ogilvie",100,26,21,5,"TotalDrivingEfficiency",2008
6,NA,"Hunter Mahan",87,31,16,15,"TotalDrivingEfficiency",2008
6,NA,"Steve Marino",119,31,11,20,"TotalDrivingEfficiency",2008
6,NA,"Brandt Snedeker",85,31,9,22,"TotalDrivingEfficiency",2008
9,NA,"Jeff Gove",50,33,22,11,"TotalDrivingEfficiency",2008
10,NA,"KJ Choi",74,34,31,3,"TotalDrivingEfficiency",2008
11,NA,"Brenden Pappas",66,37,5,32,"TotalDrivingEfficiency",2008
12,NA,"Chez Reavie",102,43,22,21,"TotalDrivingEfficiency",2008
13,NA,"Robert Garrigus",90,45,2,43,"TotalDrivingEfficiency",2008
14,NA,"Doug LaBelle II",65,49,31,18,"TotalDrivingEfficiency",2008
15,NA,"Ryan Palmer",69,52,7,45,"TotalDrivingEfficiency",2008
16,NA,"Jeff Maggert",86,58,28,30,"TotalDrivingEfficiency",2008
17,NA,"Mathew Goggin",91,60,44,16,"TotalDrivingEfficiency",2008
18,NA,"Angel Cabrera",55,63,1,62,"TotalDrivingEfficiency",2008
19,NA,"Nicholas Thompson",113,67,14,53,"TotalDrivingEfficiency",2008
20,NA,"Steve Lowery",74,72,38,34,"TotalDrivingEfficiency",2008
20,NA,"Vaughn Taylor",103,72,35,37,"TotalDrivingEfficiency",2008
22,NA,"Charley Hoffman",94,73,9,64,"TotalDrivingEfficiency",2008
23,NA,"Ryan Armour",87,74,51,23,"TotalDrivingEfficiency",2008
24,NA,"Scott Verplank",82,75,74,1,"TotalDrivingEfficiency",2008
25,NA,"Billy Mayfair",103,77,26,51,"TotalDrivingEfficiency",2008
26,NA,"Ben Crane",86,81,36,45,"TotalDrivingEfficiency",2008
27,NA,"Daniel Chopra",84,83,60,23,"TotalDrivingEfficiency",2008
27,NA,"George McNeill",97,83,17,66,"TotalDrivingEfficiency",2008
29,NA,"Paul Goydos",78,84,80,4,"TotalDrivingEfficiency",2008
29,NA,"Ian Poulter",51,84,82,2,"TotalDrivingEfficiency",2008
31,NA,"JB Holmes",86,87,6,81,"TotalDrivingEfficiency",2008
32,NA,"Cameron Beckman",87,88,60,28,"TotalDrivingEfficiency",2008
32,NA,"Tim Herron",97,88,51,37,"TotalDrivingEfficiency",2008
34,NA,"Kenny Perry",97,89,31,58,"TotalDrivingEfficiency",2008
34,NA,"David Toms",70,89,31,58,"TotalDrivingEfficiency",2008
36,NA,"Bo Van Pelt",101,90,29,61,"TotalDrivingEfficiency",2008
37,NA,"Tom Pernice Jr",104,91,64,27,"TotalDrivingEfficiency",2008
38,NA,"Jim Furyk",95,97,72,25,"TotalDrivingEfficiency",2008
39,NA,"Kevin Sutherland",98,101,17,84,"TotalDrivingEfficiency",2008
40,NA,"Anthony Kim",81,103,15,88,"TotalDrivingEfficiency",2008
41,NA,"Harrison Frazar",73,105,17,88,"TotalDrivingEfficiency",2008
42,NA,"Jason Gore",94,106,25,81,"TotalDrivingEfficiency",2008
42,NA,"Adam Scott",51,106,80,26,"TotalDrivingEfficiency",2008
44,NA,"Heath Slocum",104,107,77,30,"TotalDrivingEfficiency",2008
45,NA,"Steve Allan",58,109,38,71,"TotalDrivingEfficiency",2008
45,NA,"Jim McGovern",75,109,102,7,"TotalDrivingEfficiency",2008
45,NA,"Rory Sabbatini",77,109,102,7,"TotalDrivingEfficiency",2008
48,NA,"Zach Johnson",85,115,98,17,"TotalDrivingEfficiency",2008
49,NA,"Nick OHern",82,116,102,14,"TotalDrivingEfficiency",2008
50,NA,"Cliff Kresge",84,118,42,76,"TotalDrivingEfficiency",2008
51,NA,"Stewart Cink",87,119,22,97,"TotalDrivingEfficiency",2008
52,NA,"Todd Hamilton",92,122,36,86,"TotalDrivingEfficiency",2008
53,NA,"Ben Curtis",80,123,57,66,"TotalDrivingEfficiency",2008
54,NA,"JP Hayes",67,126,86,40,"TotalDrivingEfficiency",2008
54,NA,"Greg Kraft",63,126,89,37,"TotalDrivingEfficiency",2008
54,NA,"Geoff Ogilvy",65,126,11,115,"TotalDrivingEfficiency",2008
54,NA,"Jay Williamson",96,126,75,51,"TotalDrivingEfficiency",2008
58,NA,"Robert Gamez",79,131,96,35,"TotalDrivingEfficiency",2008
58,NA,"Kyle Thompson",70,131,69,62,"TotalDrivingEfficiency",2008
60,NA,"Mike Weir",88,135,123,12,"TotalDrivingEfficiency",2008
61,NA,"Tim Clark",90,136,93,43,"TotalDrivingEfficiency",2008
62,NA,"Dustin Johnson",92,139,45,94,"TotalDrivingEfficiency",2008
63,NA,"Stuart Appleby",87,141,75,66,"TotalDrivingEfficiency",2008
64,NA,"Eric Axley",113,142,45,97,"TotalDrivingEfficiency",2008
65,NA,"Jason Day",81,143,77,66,"TotalDrivingEfficiency",2008
65,NA,"DJ Trahan",94,143,96,47,"TotalDrivingEfficiency",2008
67,NA,"Billy Andrade",71,144,53,91,"TotalDrivingEfficiency",2008
68,NA,"Brian Davis",108,145,57,88,"TotalDrivingEfficiency",2008
69,NA,"Craig Kanada",65,149,144,5,"TotalDrivingEfficiency",2008
69,NA,"Matt Kuchar",88,149,117,32,"TotalDrivingEfficiency",2008
69,NA,"John Mallinger",95,149,114,35,"TotalDrivingEfficiency",2008
72,NA,"Andres Romero",69,151,17,134,"TotalDrivingEfficiency",2008
73,NA,"Kevin Stadler",90,154,57,97,"TotalDrivingEfficiency",2008
74,NA,"Brad Elder",67,155,89,66,"TotalDrivingEfficiency",2008
75,NA,"Paul Casey",55,156,49,107,"TotalDrivingEfficiency",2008
75,NA,"Charles Warren",79,156,26,130,"TotalDrivingEfficiency",2008
77,NA,"Patrick Sheehan",124,160,113,47,"TotalDrivingEfficiency",2008
78,NA,"Frank Lickliter II",107,166,92,74,"TotalDrivingEfficiency",2008
79,NA,"Fred Couples",60,167,64,103,"TotalDrivingEfficiency",2008
79,NA,"Boo Weekley",86,167,114,53,"TotalDrivingEfficiency",2008
81,NA,"Mathias Gronberg",87,168,38,130,"TotalDrivingEfficiency",2008
82,NA,"Steve Flesch",95,169,141,28,"TotalDrivingEfficiency",2008
83,NA,"Tommy Armour III",77,172,55,117,"TotalDrivingEfficiency",2008
83,NA,"Woody Austin",109,172,50,122,"TotalDrivingEfficiency",2008
85,NA,"Glen Day",64,174,69,105,"TotalDrivingEfficiency",2008
86,NA,"Alex Cejka",75,175,29,146,"TotalDrivingEfficiency",2008
87,NA,"Richard Johnson",77,176,38,138,"TotalDrivingEfficiency",2008
88,NA,"Michael Letzig",88,178,107,71,"TotalDrivingEfficiency",2008
88,NA,"Brett Quigley",80,178,60,118,"TotalDrivingEfficiency",2008
90,NA,"John Rollins",94,179,45,134,"TotalDrivingEfficiency",2008
90,NA,"Nick Watney",96,179,72,107,"TotalDrivingEfficiency",2008
92,NA,"Kent Jones",68,180,84,96,"TotalDrivingEfficiency",2008
93,NA,"Brad Adamonis",87,181,107,74,"TotalDrivingEfficiency",2008
93,NA,"Davis Love III",78,181,43,138,"TotalDrivingEfficiency",2008
93,NA,"Jeff Quinney",87,181,134,47,"TotalDrivingEfficiency",2008
96,NA,"Rich Beem",90,183,86,97,"TotalDrivingEfficiency",2008
97,NA,"Stephen Leaney",53,186,64,122,"TotalDrivingEfficiency",2008
98,NA,"Lucas Glover",91,190,69,121,"TotalDrivingEfficiency",2008
99,NA,"Briny Baird",113,193,117,76,"TotalDrivingEfficiency",2008
99,NA,"Justin Leonard",101,193,146,47,"TotalDrivingEfficiency",2008
99,NA,"Omar Uresti",74,193,102,91,"TotalDrivingEfficiency",2008
102,NA,"Olin Browne",77,196,139,57,"TotalDrivingEfficiency",2008
103,NA,"Carl Pettersson",110,198,54,144,"TotalDrivingEfficiency",2008
104,NA,"Pat Perez",93,202,84,118,"TotalDrivingEfficiency",2008
105,NA,"Peter Lonard",92,203,117,86,"TotalDrivingEfficiency",2008
106,NA,"Sean OHair",81,204,89,115,"TotalDrivingEfficiency",2008
107,NA,"Mark Calcavecchia",67,205,129,76,"TotalDrivingEfficiency",2008
107,NA,"Mark Hensby",71,205,111,94,"TotalDrivingEfficiency",2008
107,NA,"Jerry Kelly",89,205,129,76,"TotalDrivingEfficiency",2008
107,NA,"Ted Purdy",68,205,55,150,"TotalDrivingEfficiency",2008
111,NA,"Rocco Mediate",87,210,64,146,"TotalDrivingEfficiency",2008
112,NA,"John Huston",56,211,77,134,"TotalDrivingEfficiency",2008
113,NA,"Nick Flanagan",89,212,68,144,"TotalDrivingEfficiency",2008
114,NA,"Gavin Coles",54,217,176,41,"TotalDrivingEfficiency",2008
114,NA,"Jimmy Walker",73,217,95,122,"TotalDrivingEfficiency",2008
116,NA,"John Merrick",98,218,111,107,"TotalDrivingEfficiency",2008
116,NA,"Johnson Wagner",83,218,86,132,"TotalDrivingEfficiency",2008
118,NA,"Shigeki Maruyama",50,223,170,53,"TotalDrivingEfficiency",2008
119,NA,"Kenneth Ferrie",72,224,133,91,"TotalDrivingEfficiency",2008
119,NA,"Tom Lehman",51,224,168,56,"TotalDrivingEfficiency",2008
121,NA,"David Lutterus",59,225,82,143,"TotalDrivingEfficiency",2008
122,NA,"Todd Demsey",80,228,121,107,"TotalDrivingEfficiency",2008
122,NA,"Tim Wilkinson",95,228,157,71,"TotalDrivingEfficiency",2008
124,NA,"Corey Pavin",69,233,192,41,"TotalDrivingEfficiency",2008
125,NA,"Ernie Els",51,234,107,127,"TotalDrivingEfficiency",2008
125,NA,"Scott Sterling",89,234,176,58,"TotalDrivingEfficiency",2008
127,NA,"Martin Laird",98,239,60,179,"TotalDrivingEfficiency",2008
127,NA,"Rod Pampling",83,239,132,107,"TotalDrivingEfficiency",2008
129,NA,"Chad Campbell",94,240,139,101,"TotalDrivingEfficiency",2008
130,NA,"Padraig Harrington",52,241,45,196,"TotalDrivingEfficiency",2008
131,NA,"Cody Freeman",66,242,124,118,"TotalDrivingEfficiency",2008
132,NA,"Robert Allenby",108,244,93,151,"TotalDrivingEfficiency",2008
132,NA,"Jin Park",85,244,141,103,"TotalDrivingEfficiency",2008
134,NA,"Steve Elkington",84,245,169,76,"TotalDrivingEfficiency",2008
135,NA,"Brian Gay",102,248,183,65,"TotalDrivingEfficiency",2008
136,NA,"Jon Mills",95,251,98,153,"TotalDrivingEfficiency",2008
137,NA,"Ryan Moore",72,257,152,105,"TotalDrivingEfficiency",2008
138,NA,"Parker McLachlin",88,261,176,85,"TotalDrivingEfficiency",2008
139,NA,"Ron Whittaker",54,264,137,127,"TotalDrivingEfficiency",2008
140,NA,"Troy Matteson",94,266,98,168,"TotalDrivingEfficiency",2008
140,NA,"Camilo Villegas",79,266,144,122,"TotalDrivingEfficiency",2008
142,NA,"Jonathan Byrd",88,269,98,171,"TotalDrivingEfficiency",2008
142,NA,"Tommy Gainey",60,269,114,155,"TotalDrivingEfficiency",2008
142,NA,"Chris Stroud",81,269,107,162,"TotalDrivingEfficiency",2008
146,NA,"Jeff Overton",103,275,148,127,"TotalDrivingEfficiency",2008
147,NA,"Dudley Hart",74,278,146,132,"TotalDrivingEfficiency",2008
148,NA,"Kevin Na",97,279,166,113,"TotalDrivingEfficiency",2008
148,NA,"Travis Perkins",53,279,102,177,"TotalDrivingEfficiency",2008
150,NA,"Jesper Parnevik",88,280,121,159,"TotalDrivingEfficiency",2008
151,NA,"Matt Jones",95,283,117,166,"TotalDrivingEfficiency",2008
152,NA,"Phil Mickelson",80,285,134,151,"TotalDrivingEfficiency",2008
153,NA,"Tag Ridings",88,288,124,164,"TotalDrivingEfficiency",2008
153,NA,"Charlie Wi",97,288,162,126,"TotalDrivingEfficiency",2008
155,NA,"Shane Bertsch",96,289,188,101,"TotalDrivingEfficiency",2008
155,NA,"Brett Rumford",72,289,124,165,"TotalDrivingEfficiency",2008
157,NA,"Aaron Baddeley",76,291,157,134,"TotalDrivingEfficiency",2008
157,NA,"Bob Tway",70,291,184,107,"TotalDrivingEfficiency",2008
159,NA,"Freddie Jacobson",78,293,138,155,"TotalDrivingEfficiency",2008
160,NA,"Bob Sowards",61,296,124,172,"TotalDrivingEfficiency",2008
161,NA,"Alejandro Canizares",52,301,155,146,"TotalDrivingEfficiency",2008
162,NA,"Marco Dawson",64,303,150,153,"TotalDrivingEfficiency",2008
162,NA,"Chris DiMarco",87,303,129,174,"TotalDrivingEfficiency",2008
164,NA,"Bubba Watson",97,304,134,170,"TotalDrivingEfficiency",2008
165,NA,"Bob Estes",90,309,196,113,"TotalDrivingEfficiency",2008
166,NA,"Jason Allred",63,313,124,189,"TotalDrivingEfficiency",2008
166,NA,"Tim Petrovic",97,313,175,138,"TotalDrivingEfficiency",2008
168,NA,"Tom Scherrer",56,317,159,158,"TotalDrivingEfficiency",2008
168,NA,"Dean Wilson",109,317,156,161,"TotalDrivingEfficiency",2008
170,NA,"Trevor Immelman",70,323,185,138,"TotalDrivingEfficiency",2008
170,NA,"Chris Riley",51,323,160,163,"TotalDrivingEfficiency",2008
170,NA,"Marc Turnesa",87,323,148,175,"TotalDrivingEfficiency",2008
173,NA,"Stephen Ames",83,328,182,146,"TotalDrivingEfficiency",2008
173,NA,"Bill Haas",99,328,141,187,"TotalDrivingEfficiency",2008
175,NA,"Ken Duke",116,331,193,138,"TotalDrivingEfficiency",2008
176,NA,"Ryuji Imada",80,333,154,179,"TotalDrivingEfficiency",2008
176,NA,"John Riegger",73,333,165,168,"TotalDrivingEfficiency",2008
178,NA,"Retief Goosen",59,338,150,188,"TotalDrivingEfficiency",2008
178,NA,"Scott McCarron",63,338,166,172,"TotalDrivingEfficiency",2008
180,NA,"Will Ma Kenzie",62,344,163,181,"TotalDrivingEfficiency",2008
181,NA,"David Duval",51,346,152,194,"TotalDrivingEfficiency",2008
182,NA,"Paul Claxton",63,347,170,177,"TotalDrivingEfficiency",2008
182,NA,"Nathan Green",95,347,164,183,"TotalDrivingEfficiency",2008
184,NA,"Bart Bryant",81,350,195,155,"TotalDrivingEfficiency",2008
185,NA,"JJ Henry",108,352,186,166,"TotalDrivingEfficiency",2008
185,NA,"Lee Janzen",89,352,160,192,"TotalDrivingEfficiency",2008
187,NA,"Michael Allen",91,353,194,159,"TotalDrivingEfficiency",2008
187,NA,"Kevin Streelman",114,353,170,183,"TotalDrivingEfficiency",2008
189,NA,"Joe Durant",92,355,173,182,"TotalDrivingEfficiency",2008
190,NA,"YE Yang",89,363,180,183,"TotalDrivingEfficiency",2008
191,NA,"Charles Howell III",101,364,189,175,"TotalDrivingEfficiency",2008
192,NA,"James Driscoll",85,367,176,191,"TotalDrivingEfficiency",2008
193,NA,"Brandt Jobe",52,368,173,195,"TotalDrivingEfficiency",2008
194,NA,"John Senden",93,373,180,193,"TotalDrivingEfficiency",2008
195,NA,"Chad Collins",72,377,191,186,"TotalDrivingEfficiency",2008
195,NA,"Sergio Garcia",72,377,187,190,"TotalDrivingEfficiency",2008
197,NA,"Carlos Franco",73,394,197,197,"TotalDrivingEfficiency",2008
