"TotalDriving_RANKTHISWEEK_2005","TotalDriving_RANKLASTWEEK_2005","TotalDriving_PLAYERNAME_2005","TotalDriving_EVENTS_2005","TotalDriving_TOTAL_2005","TotalDriving_DISTANCERANK_2005","TotalDriving_ACCURACYRANK_2005","stat_name","year"
1,1,"David Hearn",24,72,45,27,"TotalDriving",2005
2,2,"Kenny Perry",23,98,9,89,"TotalDriving",2005
3,3,"Harrison Frazar",31,104,17,87,"TotalDriving",2005
4,4,"Joe Durant",25,105,92,13,"TotalDriving",2005
5,5,"Charles Warren",31,106,27,79,"TotalDriving",2005
6,6,"Mathias Gronberg",19,108,15,93,"TotalDriving",2005
7,7,"Bradley Hughes",20,113,75,38,"TotalDriving",2005
8,8,"Joey Snyder III",31,118,68,50,"TotalDriving",2005
9,9,"Billy Mayfair",31,125,103,22,"TotalDriving",2005
10,10,"John Senden",29,131,77,54,"TotalDriving",2005
11,11,"Will Ma Kenzie",25,132,20,112,"TotalDriving",2005
12,12,"Zach Johnson",30,133,86,47,"TotalDriving",2005
12,12,"Michael Long",26,133,29,104,"TotalDriving",2005
12,12,"John Rollins",30,133,49,84,"TotalDriving",2005
15,15,"Jeff Brehaut",23,134,114,20,"TotalDriving",2005
16,16,"DJ Brigman",26,136,42,94,"TotalDriving",2005
16,16,"Ted Purdy",34,136,45,91,"TotalDriving",2005
16,16,"Justin Rose",28,136,51,85,"TotalDriving",2005
19,19,"Roland Thatcher",26,137,67,70,"TotalDriving",2005
20,20,"Mark Calcavecchia",27,140,91,49,"TotalDriving",2005
21,21,"Robert Allenby",31,142,33,109,"TotalDriving",2005
22,22,"Briny Baird",33,143,100,43,"TotalDriving",2005
23,23,"Joey Sindelar",29,144,113,31,"TotalDriving",2005
24,24,"Richard Johnson",16,145,117,28,"TotalDriving",2005
24,24,"Jonathan Kaye",24,145,80,65,"TotalDriving",2005
26,26,"Sean OHair",29,150,23,127,"TotalDriving",2005
27,27,"Lucas Glover",28,151,12,139,"TotalDriving",2005
27,27,"JL Lewis",30,151,71,80,"TotalDriving",2005
27,27,"Jeff Maggert",25,151,135,16,"TotalDriving",2005
30,30,"Bart Bryant",26,153,147,6,"TotalDriving",2005
30,30,"Alex Cejka",31,153,114,39,"TotalDriving",2005
32,32,"Bo Van Pelt",33,157,59,98,"TotalDriving",2005
33,33,"Craig Barlow",26,159,88,71,"TotalDriving",2005
33,33,"DJ Trahan",28,159,41,118,"TotalDriving",2005
35,35,"John Huston",31,161,56,105,"TotalDriving",2005
36,36,"Vaughn Taylor",32,162,84,78,"TotalDriving",2005
36,36,"David Toms",25,162,107,55,"TotalDriving",2005
38,38,"Brian Davis",23,163,155,8,"TotalDriving",2005
38,38,"Marco Dawson",23,163,63,100,"TotalDriving",2005
38,38,"Sergio Garcia",20,163,10,153,"TotalDriving",2005
38,38,"Kent Jones",32,163,102,61,"TotalDriving",2005
42,42,"Vijay Singh",30,164,16,148,"TotalDriving",2005
42,42,"Lee Westwood",15,164,38,126,"TotalDriving",2005
44,44,"Tommy Armour III",29,165,112,53,"TotalDriving",2005
44,44,"KJ Choi",24,165,98,67,"TotalDriving",2005
44,44,"Paul Claxton",29,165,153,12,"TotalDriving",2005
44,44,"JJ Henry",32,165,34,131,"TotalDriving",2005
44,44,"Chris Smith",32,165,18,147,"TotalDriving",2005
44,44,"Darron Stiles",26,165,142,23,"TotalDriving",2005
50,50,"Rocco Mediate",24,168,108,60,"TotalDriving",2005
50,50,"DA Points",33,168,82,86,"TotalDriving",2005
50,50,"Kevin Stadler",33,168,23,145,"TotalDriving",2005
50,50,"Scott Verplank",25,168,159,9,"TotalDriving",2005
54,54,"Scott Gutschewski",27,169,4,165,"TotalDriving",2005
54,54,"Jay Williamson",16,169,155,14,"TotalDriving",2005
56,56,"Geoff Ogilvy",26,170,31,139,"TotalDriving",2005
56,56,"Heath Slocum",29,170,159,11,"TotalDriving",2005
58,58,"Duffy Waldorf",28,172,149,23,"TotalDriving",2005
59,59,"Stuart Appleby",25,174,19,155,"TotalDriving",2005
59,59,"Davis Love III",24,174,8,166,"TotalDriving",2005
61,61,"Jason Bohn",28,175,62,113,"TotalDriving",2005
62,62,"Chad Campbell",27,176,52,124,"TotalDriving",2005
62,62,"Kevin Sutherland",26,176,108,68,"TotalDriving",2005
64,64,"Olin Browne",29,177,173,4,"TotalDriving",2005
65,65,"Tom Pernice Jr",32,179,80,99,"TotalDriving",2005
65,65,"Hidemichi Tanaka",34,179,150,29,"TotalDriving",2005
67,67,"Arjun Atwal",17,180,50,130,"TotalDriving",2005
68,68,"Nick Watney",31,182,28,154,"TotalDriving",2005
69,69,"Cameron Beckman",31,183,120,63,"TotalDriving",2005
69,69,"Steve Lowery",32,183,77,106,"TotalDriving",2005
69,69,"Hunter Mahan",34,183,55,128,"TotalDriving",2005
72,72,"Mark Hensby",21,185,83,102,"TotalDriving",2005
72,72,"Brett Wetterich",28,185,3,182,"TotalDriving",2005
74,74,"Rod Pampling",26,186,40,146,"TotalDriving",2005
74,74,"Mario Tiziani",23,186,122,64,"TotalDriving",2005
76,76,"Brian Bateman",32,187,76,111,"TotalDriving",2005
76,76,"Tim Herron",28,187,65,122,"TotalDriving",2005
76,76,"Phil Mickelson",21,187,26,161,"TotalDriving",2005
76,76,"Greg Owen",24,187,71,116,"TotalDriving",2005
80,80,"Jonathan Byrd",31,188,37,151,"TotalDriving",2005
80,80,"Jerry Kelly",31,188,155,33,"TotalDriving",2005
82,82,"Brandt Jobe",27,189,11,178,"TotalDriving",2005
83,83,"Tjaart van der Walt",19,190,140,50,"TotalDriving",2005
84,84,"Jose Coceres",22,191,184,7,"TotalDriving",2005
84,84,"Robert Damron",28,191,181,10,"TotalDriving",2005
86,86,"Arron Oberholser",21,193,145,48,"TotalDriving",2005
86,86,"Tiger Woods",21,193,2,191,"TotalDriving",2005
88,88,"Steve Allan",32,194,32,162,"TotalDriving",2005
88,88,"Omar Uresti",27,194,191,3,"TotalDriving",2005
90,90,"Matt Kuchar",21,195,170,25,"TotalDriving",2005
91,91,"Ryan Palmer",32,196,47,149,"TotalDriving",2005
91,91,"Bob Tway",26,196,114,82,"TotalDriving",2005
93,93,"Tom Lehman",20,197,121,76,"TotalDriving",2005
94,94,"Tim Clark",26,199,140,59,"TotalDriving",2005
94,94,"Fred Funk",30,199,197,2,"TotalDriving",2005
94,94,"Brendan Jones",28,199,14,185,"TotalDriving",2005
94,94,"Adam Scott",19,199,23,176,"TotalDriving",2005
98,98,"Phillip Price",25,200,142,58,"TotalDriving",2005
99,99,"Doug Barron",24,201,175,26,"TotalDriving",2005
99,99,"Steve Elkington",20,201,145,56,"TotalDriving",2005
99,99,"Retief Goosen",18,201,44,157,"TotalDriving",2005
102,102,"Jim Furyk",26,202,170,32,"TotalDriving",2005
102,102,"Jeff Hart",23,202,201,1,"TotalDriving",2005
102,102,"Skip Kendall",32,202,187,15,"TotalDriving",2005
102,102,"Justin Leonard",24,202,128,74,"TotalDriving",2005
106,106,"Scott Hend",28,203,1,202,"TotalDriving",2005
107,107,"Frank Lickliter II",33,204,103,101,"TotalDriving",2005
107,107,"Brenden Pappas",15,204,6,198,"TotalDriving",2005
107,107,"Kirk Triplett",18,204,187,17,"TotalDriving",2005
110,110,"Gavin Coles",22,205,200,5,"TotalDriving",2005
110,110,"John Daly",25,205,5,200,"TotalDriving",2005
110,110,"Tom Gillis",28,205,133,72,"TotalDriving",2005
110,110,"Pat Perez",28,205,68,137,"TotalDriving",2005
110,110,"Carl Pettersson",34,205,70,135,"TotalDriving",2005
115,115,"Hank Kuehne",30,206,7,199,"TotalDriving",2005
116,116,"Robert Gamez",28,208,162,46,"TotalDriving",2005
117,117,"John Elliott",25,209,13,196,"TotalDriving",2005
117,117,"Tag Ridings",31,209,20,189,"TotalDriving",2005
119,119,"Luke Donald",18,210,135,75,"TotalDriving",2005
120,120,"Larry Mize",18,211,192,19,"TotalDriving",2005
121,121,"Tom Byrum",27,213,195,18,"TotalDriving",2005
121,121,"Fred Couples",22,213,39,174,"TotalDriving",2005
121,121,"Peter Lonard",27,213,93,120,"TotalDriving",2005
124,124,"Jim Carter",25,215,185,30,"TotalDriving",2005
124,124,"Dan Forsman",17,215,52,163,"TotalDriving",2005
124,124,"Shaun Micheel",29,215,101,114,"TotalDriving",2005
124,124,"Mark Wilson",25,215,174,41,"TotalDriving",2005
128,128,"John Cook",26,217,196,21,"TotalDriving",2005
128,128,"Neal Lancaster",31,217,58,159,"TotalDriving",2005
128,128,"Stephen Leaney",29,217,182,35,"TotalDriving",2005
131,131,"Scott McCarron",24,218,77,141,"TotalDriving",2005
131,131,"Dennis Paulson",24,218,30,188,"TotalDriving",2005
131,131,"Jeff Sluman",28,218,176,42,"TotalDriving",2005
131,131,"Dean Wilson",27,218,152,66,"TotalDriving",2005
135,135,"Bob Estes",25,219,142,77,"TotalDriving",2005
135,135,"Shigeki Maruyama",29,219,98,121,"TotalDriving",2005
137,137,"Jason Allred",29,221,20,201,"TotalDriving",2005
138,138,"Danny Briggs",29,222,185,37,"TotalDriving",2005
138,138,"Daniel Chopra",34,222,35,187,"TotalDriving",2005
138,138,"Chris Riley",25,222,178,44,"TotalDriving",2005
138,138,"Rory Sabbatini",26,222,36,186,"TotalDriving",2005
142,142,"Carlos Franco",25,223,48,175,"TotalDriving",2005
143,143,"Steve Jones",20,224,167,57,"TotalDriving",2005
144,144,"Glen Day",27,225,118,107,"TotalDriving",2005
145,145,"Todd Hamilton",31,227,110,117,"TotalDriving",2005
146,146,"Charles Howell III",29,228,56,172,"TotalDriving",2005
147,147,"Paul Gow",27,230,178,52,"TotalDriving",2005
147,147,"Brett Quigley",31,230,59,171,"TotalDriving",2005
147,147,"Patrick Sheehan",35,230,96,134,"TotalDriving",2005
150,150,"Loren Roberts",18,231,197,34,"TotalDriving",2005
151,151,"Jesper Parnevik",24,232,64,168,"TotalDriving",2005
152,152,"Brian Gay",33,233,193,40,"TotalDriving",2005
153,153,"Matt Davidson",20,234,165,69,"TotalDriving",2005
153,153,"Bill Glasson",21,234,139,95,"TotalDriving",2005
153,153,"Joe Ogilvie",30,234,131,103,"TotalDriving",2005
156,156,"Woody Austin",30,235,93,142,"TotalDriving",2005
156,156,"Mark Brooks",28,235,199,36,"TotalDriving",2005
156,156,"Steve Flesch",30,235,138,97,"TotalDriving",2005
159,159,"James Driscoll",26,237,42,195,"TotalDriving",2005
160,160,"Ian Poulter",20,239,132,107,"TotalDriving",2005
161,161,"Mike Weir",23,240,158,82,"TotalDriving",2005
162,162,"Billy Andrade",26,241,151,90,"TotalDriving",2005
162,162,"Bob Heintz",24,241,71,170,"TotalDriving",2005
164,164,"Padraig Harrington",15,243,54,189,"TotalDriving",2005
165,165,"Ben Crane",21,244,61,183,"TotalDriving",2005
165,165,"Charlie Wi",23,244,129,115,"TotalDriving",2005
167,167,"Hunter Haas",28,247,88,159,"TotalDriving",2005
167,167,"Corey Pavin",23,247,202,45,"TotalDriving",2005
169,169,"Jay Haas",16,249,187,62,"TotalDriving",2005
170,170,"Dudley Hart",29,250,127,123,"TotalDriving",2005
171,171,"Justin Bolli",24,252,96,156,"TotalDriving",2005
171,171,"Ryuji Imada",25,252,85,167,"TotalDriving",2005
173,173,"Stephen Ames",24,254,122,132,"TotalDriving",2005
174,174,"Michael Allen",30,257,65,192,"TotalDriving",2005
175,175,"Chris Anderson",25,258,177,81,"TotalDriving",2005
175,175,"Ben Curtis",24,258,170,88,"TotalDriving",2005
175,175,"Brent Geiberger",21,258,162,96,"TotalDriving",2005
175,175,"Glen Hnatiuk",21,258,148,110,"TotalDriving",2005
179,179,"Todd Fischer",35,260,187,73,"TotalDriving",2005
180,180,"Matt Gogel",28,261,169,92,"TotalDriving",2005
180,180,"Jose Maria Olazabal",16,261,103,158,"TotalDriving",2005
182,182,"Bernhard Langer",19,262,93,169,"TotalDriving",2005
183,183,"Hideto Tanihara",20,264,135,129,"TotalDriving",2005
184,184,"Freddie Jacobson",23,266,90,176,"TotalDriving",2005
185,185,"Aaron Baddeley",27,268,74,194,"TotalDriving",2005
185,185,"Andrew Magee",29,268,87,181,"TotalDriving",2005
187,187,"Paul Azinger",22,269,133,136,"TotalDriving",2005
187,187,"Stewart Cink",26,269,126,143,"TotalDriving",2005
189,189,"Rich Beem",26,270,106,164,"TotalDriving",2005
190,190,"Kevin Na",32,285,167,118,"TotalDriving",2005
191,191,"Chris DiMarco",24,289,164,125,"TotalDriving",2005
192,192,"Thomas Levet",20,290,110,180,"TotalDriving",2005
193,193,"JP Hayes",22,297,153,144,"TotalDriving",2005
193,193,"Tim Petrovic",32,297,118,179,"TotalDriving",2005
195,195,"Lee Janzen",26,309,125,184,"TotalDriving",2005
196,196,"Craig Perks",27,315,122,193,"TotalDriving",2005
197,197,"Mark OMeara",21,316,183,133,"TotalDriving",2005
198,198,"Rob Rashell",25,318,166,152,"TotalDriving",2005
199,199,"Steve Stricker",21,326,129,197,"TotalDriving",2005
200,200,"Len Mattiace",34,328,178,150,"TotalDriving",2005
201,201,"Brad Faxon",23,332,194,138,"TotalDriving",2005
201,201,"Franklin Langham",31,332,159,173,"TotalDriving",2005
